$ANSIBLE_VAULT;1.1;AES256
38353661333863656362336438323436653664363939613236316363613738363062366364643437
3835306239653838646430386464383630333530346464320a663764303338346465353238386130
30643138623166623934326239653864663538636232376661303535303865333638393063633438
3464323635393563330a333065356539306231616533663665386132613063313762633963326664
66323165393931306533336539366531613063326631623463323864343530376237306339303862
33306538323438633364323266356562353436393662613232306566363639313437626661303739
36343931363235653733636263316436343233396363633935333161643339393265336161616633
36656138613035646537376666363632616366366539333563623031623439366238313462663161
64353537376565303632363864666634396439393639396434663533316236323565613863333362
34303931323064646431333337343264663461373530613863656431303861373938373837343930
34366433663331663964316533353839323163316439323963343766323839306636336237323363
34633434353533363563343435373736626666646164353264393163313230386137613236643238
38346562633034363663663234353466613762636635656631663139656164393434393033303432
32623938626436666463666563633964393839396633663265303561653439373032376538336234
32343463313033363237356363376539316261373065316438303863373063656432346136373162
31613736316339326161376639666365396230623962663831336136306138396430363933393663
35363732303439323134393732303936333165313235303064363832646464303363393132363661
36626534323331303137383830653330326137346463343937323332383135353039663333303461
37663164653663646539653431336463636536383465373633663032303066643163313131376138
66323230366562333739353166363031343464613561363561363564613463336361343933316536
32656666333062336438653331613431396463393236386532396634353532653563623165336233
31303462393630343937373533396365383161653664633636353231663238616630336337633164
34663462323633326139613063343138636266323632333733396534383861326164636130646633
30343335373565626534396666353331626437306661386561336264616265366237623265353435
66343530303738396165316138663039636135356432623435613937633637616132623739346439
3165346531633632393330663432353861393565613331626163
