$ANSIBLE_VAULT;1.1;AES256
38396661323938623139333762313434396338633531326662336435356433316534376638663934
3130393838623837633761646434363632346236626536310a643531643762353530623164633665
65643861383537343762653139363334393532353265626431636134653133363164663661623234
6232643637383464370a393861623537306433666531623035383739346538633065373839373230
66363963303935663337386664393436643862666333383831666662306232653439663065623536
64343335386566633837616137653439343661626230313163343636383764616564326163336461
62306536366465623637643034633963386363643230613535363037313363623964303332303839
33373833393238376265333061386434333831353734633035656535623335633863613533653563
39656635363037306461616238303633373637373266303164313465343232383832323638376434
64336131353231386230363766393432373762666466303232646635393662653936303830626362
66356466373034373263656332336361336464353966306536363435396261326261363163396238
35613632393765383035303136613935383934313339613137393632353434373636646566373336
62613638666133616339306566376335383764306534396662306636316162346534363137666636
35323466616262333032363734363134323663346637303733633636626538346631616336633337
33643763306363363431653237366633633035613161383039313562666539636535366565616136
38653439643734306664386639373962613132663832396237383461653939373838393465326232
38356336343538613030343538386463666338376534306463363866386535366538
