$ANSIBLE_VAULT;1.1;AES256
61666165343262666235383033386431343537343935393164373461626330313862356563623362
6236663233336330363434616530636664323766353634370a333761316634393235323438396165
38646562393139666461623831613336656638353438303064613565366566336437613733336465
6365303161633235330a326637616333653361643036366165313536393834393366376461303837
38383965306461623039383434316438613233653631376237366431396165333162373030303635
37633334653133653233366463373732326461613130633265346336653438373230643039343832
32623430313337343266376334386463323432633234353463623439303731336231646430643835
32316530363330356635313666313638323230393438643665623539343865626538323063656136
32333237636635636332623064366435613637353136333063656666613330386437373838323334
39633534373538663362626636373033383662643933396636356530633437633637643730643534
33623062663865373931613361656233336639383965333230333062393166303931663931663866
62613636343831346331373438323330363336366637316566626439623238626537333232336335
62313638623530303266323134326561303331646239623530656334356264623166313838336436
61376637653233626163656562633235633263396530653339366366663230646165393462343037
38383830383562336131656537316238353665653362663466373262623566313531363066393639
36333562616366316238356230613662363036326164306330376430623439386335306135333539
39366232613234393031303239336230646133356339623832353230383334633331
